camera_matrix:
- - 3730.835508493602
  - 0.0
  - 1204.3458116723705
- - 0.0
  - 3687.3782482055294
  - 1215.0035564039842
- - 0.0
  - 0.0
  - 1.0
dist_coeff:
- - -0.4650935703006373
  - 0.9468403872235794
  - 0.010571508189988886
  - -0.0047559989384300125
  - -0.74132817050045
