camera_matrix:
- - 3773.663284172356
  - 0.0
  - 1260.4683630051868
- - 0.0
  - 3707.2752351281
  - 1039.0610723943687
- - 0.0
  - 0.0
  - 1.0
dist_coeff:
- - -0.5163427888830063
  - 0.9937535466005692
  - 0.003556574180033804
  - -0.005024769430396717
  - -0.7179605589755377
